ID: 1
TITLE: Two Sum
DIFFICULTY: Easy
MATCHMODE: exact
FUNCTION: two_sum
ARGUMENTS: [{"name": "nums", "type": "List[int]"}, {"name": "target", "type": "int"}]
RETURN_TYPE: List[int]
EXAMPLES: 2

CONDITION:
<p>Given an array of integers <code>nums</code> and an integer <code>target</code>, return <em>indices of the two numbers such that they add up to <code>target</code></em>.</p>
<p>You may assume that each input would have <strong>exactly one solution</strong>, and you may not use the same element twice.</p>
<p>You can return the answer in any order.</p>

TESTS:
<args>[2,7,11,15], 9</args>; <output>[0,1]</output>
<args>[3,2,4], 6</args>; <output>[1,2]</output>
<args>[3,3], 6</args>; <output>[0,1]</output>
<args>[13, 30, 39, 25, 26, 22, 40], 61</args>; <output>[2, 5]</output>
<args>[814, 948], 1762</args>; <output>[0, 1]</output>
<args>[844, 466], 1310</args>; <output>[0, 1]</output>
<args>[91, -62, 23, 53, 12, 76, 49, -68, 5, 66, -94, -11, -19, -10, 29, 8, 84, 87], 74</args>; <output>[9, 15]</output>
<args>[7, 2], 9</args>; <output>[0, 1]</output>
<args>[20, 9, 0, 25, 47, 30, 37], 29</args>; <output>[0, 1]</output>
<args>[974, 112], 1086</args>; <output>[0, 1]</output>
<args>[114, 453], 567</args>; <output>[0, 1]</output>
<args>[683, 194], 877</args>; <output>[0, 1]</output>
<args>[1, 50, 52, -65, 96, 7, -100, -24, 37, 96, 14, 45, -22, -39, 80, -38, 90, -95], 21</args>; <output>[5, 10]</output>
<args>[878, 999], 1877</args>; <output>[0, 1]</output>
<args>[4, 0, 3], 3</args>; <output>[1, 2]</output>
<args>[448, -630, 363, -183, 199, 638, -925, 868, -363, 607, -543, -13, -156, -635, -898], 1475</args>; <output>[7, 9]</output>
<args>[60, 781, -638, 470, 752, 940, -780, 716, 725, -620, -280, 152, -811, 669, -251, 707, 924, 812, 849, 571, -802, -171, 622, -532, 181, -153, -331, 820, 95, 811, 254, 931, -140, -876, -197, 591, 109, -806, -158, 474, -176, 805, 668, 162, -28, -316, -911, -14, -913], 872</args>; <output>[0, 17]</output>
<args>[-363, -305, -900, -597, -192, -317, -984, -372, 566, -466, -43, -589, 355, -129, -719, -917, -466, -614, 486, -499, -81, 404, 967, -748, 461, -990, -723, 339, -955, -747, -533, 510, -141, 80, -224, 409, 586, 613, -829, -492, 41, -375, -54, 27, 845, 934, -11], -1731</args>; <output>[6, 29]</output>
<args>[-19, -756, 108, 443, 137, 792, -616, 578, -55], 36</args>; <output>[1, 5]</output>
<args>[720, -373, -514, 311, 37, -243, -977, 182, -968, -534, 55, 484, 563, 837, 419, -377, -844, -965, 782], 521</args>; <output>[4, 11]</output>
<args>[-224, 725, 97, -484, 467, -882, -574, -542, 368, 429, 204, -56, 738, -417], 822</args>; <output>[1, 2]</output>
<args>[145, -885, 194, 681, -395, -692, -958, 866, -929, -10, -106, 102, 856, 464, 415, 678, 424, -472, 272, 130, 258, 391, -19, -286, 736, -664, 301, 338, 499, 891, -342, 734, 998, -984, 953, -409, 513, 242, 401, 294, 568, -603, 905, -365, 9, -696, -827, -276, 787, -552], 78</args>; <output>[3, 41]</output>
<args>[-779, -895, -576, 18, 527, -186, 478, 504, -304, -991, -468, 534, -759, -651, -89, -226, -44, -312, 351, -281, 994, 121, 77, -593, -975, -430, -535, 416, -897], -490</args>; <output>[5, 8]</output>
<args>[-138, 839], 701</args>; <output>[0, 1]</output>
<args>[436, 509, -686, 318, 426, 848, -492, 825, 331, 851, 854, 220, -752, -173, -370, 188, -691, -298, 86, 272, -496, -307], -56</args>; <output>[0, 6]</output>
<args>[-69, -465, 288, -241, -798, -811, 537, -875, 710, -630, 102, -308, 895, 87, -209, 649, 559], 251</args>; <output>[11, 16]</output>
<args>[-981, 187, -589, 872, -251, 267, -121, 13, 278, 345], 1150</args>; <output>[3, 8]</output>
<args>[-852, -96, -614, 488, 827, 34, 642, -169, -705, -714, 414, -894, -989, 669, -102, -605, -287, -791, -705, 811, 380, -170, 182, -567], -1466</args>; <output>[0, 2]</output>
<args>[51, 97, 348, 320, 262, -168, -70, 549, 96, -686, 782, 659, -317, -754, 943, -910, -768, 315, -734, 504, 908, 344, -988, 985, 609, 942, 145, 74, 882, 965, 59], 128</args>; <output>[13, 28]</output>
<args>[259, -894, -533, -645, -919, -754, -854, 137, -848, -682, -419, -842, -352, 130, -499, -393, 556, -801, -600, 255, 883, 497, 575, -217, -768, -831], -1622</args>; <output>[6, 24]</output>
<args>[976, -968, 334, -195, -167, -378, -19, 808, -146, -433, -435, -696, -708, -566, 916, 425, 419, 30, 499, 906, 536, 869, 104, 624, 216, 738, 94, 228, -232, 491, 13, 447, 812, 875, 422], 529</args>; <output>[17, 18]</output>
<args>[-853, 969, 976, 958, -904, -114, -783, 960, -888, -851, 75, 517, -483, -132, 586, -882, -407, 604], 403</args>; <output>[5, 11]</output>
<args>[376, 118, 414, -569, 211, 539, -472, -288, -280, 922, 321, 905, -360, 256, -853, -324, -869, -982, -912, 690], -149</args>; <output>[4, 12]</output>
<args>[298, 954, 331, -637, -213, 381, -686, -564, 386, 823, -522], 268</args>; <output>[1, 6]</output>
<args>[-941, -535, 614, -602, -244, -490, -969, -779, 256, -748, -476, 572, -979, -42, -729, -229, 131, 602, -569, 427, -564, -187, -828, -4, -879, -140, 960, 1, -31, 410, 960, 129, 487, -42, 482, -182, -837, 717, 795, 799, -800, 861, 51, 770, 240, -200], 260</args>; <output>[16, 31]</output>
<args>[-854, -26, -142, -773, 636, 310, 539, 368, 723, -597, 164, -527, -804], 849</args>; <output>[5, 6]</output>
<args>[25, -552, -927, 801, 770, 39, -916, 415, -268, 730, -540, 581, 226, -224, 75, -31, -668, 953, 388, 670, 644, -324, -615, 463, -760, -664, 147, -171, -486, 762, -881, -628, -386, -390, -694, -752, -305, 3, 311, 535, 998, 151, 86, 495, 939, -819, 416, 740, 794, -838], 271</args>; <output>[13, 43]</output>
<args>[-9, -945, 92, -304, 404], -853</args>; <output>[1, 2]</output>
<args>[615, -25, 973, 224, 230, 386, -445, -369, -613, -816, 757, -68, -577], 547</args>; <output>[0, 11]</output>
<args>[-17, 241, -498, 740, 262, -318, 889, 430, 778, -512, -255, 81, 996, -82, -613, -94, -952, -412, 705, 687, 559, -280, -125, 309, 297, 748, 446], 383</args>; <output>[12, 14]</output>
<args>[-891, -654, 88, 541, 493, -373, -553, 995, 272, -705, 325, 831, 331, 70, 694, -496, -350, -760, -131, 148, 101, -508, 526, -859, -491, -719, 720, -915], -1150</args>; <output>[1, 15]</output>
<args>[758, 590, -764, 389], -375</args>; <output>[2, 3]</output>
<args>[-486, -521, 868, 9, 522, -950, 434, -917, 768, 394, -677, -359, -160, -824, 287, 674, -188, 15, 267, 480, -28, -487, -884], -1438</args>; <output>[1, 7]</output>
<args>[487, -959, 284, -988, -871, -763, 666, 914, 687, 546, 849, -130, -381, -687, 722, 128, 998, -39, 634, -675, -741, -834, -429, 33, -7], 416</args>; <output>[9, 11]</output>
<args>[954, 105, 481, 757, -527, 3, -385, 781, -448, -250, -991], 531</args>; <output>[7, 9]</output>
<args>[346, 74, -733, -789, -244, 736, 829, 1000, 614, 853, 656, -127, 760, -53, -321, 598, -700, -459, -629, -92, -189, -9, -405, 782, 571, -397, 751, -140, -538, -390, -646, -212, 598, 836, -688, 946, 2, 956, 734, 575, -661, -396, -83, 136, 175, 517, 144, -927], 893</args>; <output>[13, 35]</output>
<args>[798, 449, -130, 67, 334, 45, -143, 920, 128, 371, 102, -706, -267, -604, 90, -321, 897, 497, 595, -942, -636, 518, 926, 281, -29, -64, 390, 803, -969, 356], 480</args>; <output>[14, 26]</output>
<args>[940, -570, 914, -974, 468, 273, 241, -5, 978, -154, 773, -66, 984, 131, -403, 638, -767, -645, -29], -674</args>; <output>[17, 18]</output>
<args>[949, 200, -215, 883, 548, -622, -723, 608, 667], 867</args>; <output>[1, 8]</output>
<args>[-414, 244, 557, -601, 167, 925, 860, -860, 264, 863, -845], -678</args>; <output>[4, 10]</output>
<args>[904, -946, 49, 489, 930, 737, 877, -111, 613, 124, 163, -569, 124, -353, 528, 764, -297, 198, 209, -73, -523, -27, 578, -113, -49, -760, 618, 781, 114, -287, 200, -870, 805, 391, 78, 397, -954, -17, 435, 897], 603</args>; <output>[3, 28]</output>
<args>[867, -393, 737, 686, -297, 770, 79, 969, 542, 752, 754, -218, 322, 884, 34, 569, -29, 323, -510, -657, 100, 133, -158, 940, -642, -774, 147, -366, -469, 629, -629, -435, 807, -202, -655], -205</args>; <output>[15, 25]</output>
<args>[-587, -416, -248, -348, -724, -591, 409, -926, -642, -278, -489, -631, 454, 340, 249, -635, -264, -740, -446, -985, 76, -987, 94, 479, -379, -888, 260, -630, 100, -540, 903, -759], -508</args>; <output>[21, 23]</output>
