ID: 56
TITLE: Merge Intervals
DIFFICULTY: Medium
MATCHMODE: exact
FUNCTION: merge_intervals
ARGUMENTS: [{"name": "intervals", "type": "List[List[int]]"}]
RETURN_TYPE: List[List[int]]
EXAMPLES: 3

CONDITION:
<p>Given an array of <code>intervals</code> where <code>intervals[i] = [start<sub>i</sub>, end<sub>i</sub>]</code>, merge all overlapping intervals, and return <em>an array of the non-overlapping intervals that cover all the intervals in the input</em>.</p>

TESTS:
<args>[[1,3],[2,6],[8,10],[15,18]]</args>; <output>[[1,6],[8,10],[15,18]]</output>
<args>[[1,4],[4,5]]</args>; <output>[[1,5]]</output>
<args>[[4,7],[1,4]]</args>; <output>[[1,7]]</output>
<args>[[1,4],[0,4]]</args>; <output>[[0,4]]</output>
<args>[[5, 14], [8, 19], [22, 33], [23, 40], [26, 43], [37, 52], [46, 63], [76, 82]]</args>; <output>[[5, 19], [22, 63], [76, 82]]</output>
<args>[[10, 17], [37, 55], [68, 85], [92, 94]]</args>; <output>[[10, 17], [37, 55], [68, 85], [92, 94]]</output>
<args>[[11, 23], [21, 29], [24, 31], [40, 54], [48, 51], [60, 73], [62, 71], [65, 67], [81, 100]]</args>; <output>[[11, 31], [40, 54], [60, 73], [81, 100]]</output>
<args>[[2, 19], [11, 28], [15, 25], [21, 41], [46, 59], [46, 56], [66, 84], [81, 84], [97, 117]]</args>; <output>[[2, 41], [46, 59], [66, 84], [97, 117]]</output>
<args>[[3, 4], [9, 23], [10, 19], [30, 37], [39, 46], [39, 58], [64, 66], [75, 94]]</args>; <output>[[3, 4], [9, 23], [30, 37], [39, 58], [64, 66], [75, 94]]</output>
<args>[[34, 36], [95, 106], [97, 109]]</args>; <output>[[34, 36], [95, 109]]</output>
<args>[[11, 18], [14, 15], [32, 42], [84, 94], [92, 97]]</args>; <output>[[11, 18], [32, 42], [84, 97]]</output>
<args>[[1, 16], [22, 23], [36, 46]]</args>; <output>[[1, 16], [22, 23], [36, 46]]</output>
<args>[[7, 26], [45, 63], [99, 109]]</args>; <output>[[7, 26], [45, 63], [99, 109]]</output>
<args>[[2, 11], [12, 25], [17, 21], [21, 24], [24, 33], [28, 29], [37, 54], [73, 86], [93, 108], [94, 111]]</args>; <output>[[2, 11], [12, 33], [37, 54], [73, 86], [93, 111]]</output>
<args>[[8, 16], [43, 54], [52, 59], [52, 63], [58, 65], [92, 101]]</args>; <output>[[8, 16], [43, 65], [92, 101]]</output>
<args>[[7, 15], [47, 49], [55, 66], [57, 70], [71, 72], [90, 110], [99, 115]]</args>; <output>[[7, 15], [47, 49], [55, 70], [71, 72], [90, 115]]</output>
<args>[[5, 16], [9, 17], [11, 14], [24, 43]]</args>; <output>[[5, 17], [24, 43]]</output>
<args>[[25, 44], [26, 45], [75, 95]]</args>; <output>[[25, 45], [75, 95]]</output>
<args>[[26, 31], [58, 78], [67, 73]]</args>; <output>[[26, 31], [58, 78]]</output>
<args>[[6, 23], [10, 13], [29, 37], [55, 67], [77, 80], [82, 99]]</args>; <output>[[6, 23], [29, 37], [55, 67], [77, 80], [82, 99]]</output>
<args>[[15, 25], [24, 34], [29, 30], [34, 48], [35, 50], [51, 66], [54, 70], [64, 76], [68, 80], [71, 79]]</args>; <output>[[15, 50], [51, 80]]</output>
<args>[[17, 31], [23, 28], [46, 52], [77, 86], [90, 93]]</args>; <output>[[17, 31], [46, 52], [77, 86], [90, 93]]</output>
<args>[[10, 14], [31, 40], [42, 52], [48, 51], [64, 81], [69, 83], [69, 78], [77, 90]]</args>; <output>[[10, 14], [31, 40], [42, 52], [64, 90]]</output>
<args>[[0, 12], [29, 36], [56, 69], [56, 62], [95, 113], [100, 101]]</args>; <output>[[0, 12], [29, 36], [56, 69], [95, 113]]</output>
<args>[[25, 43], [33, 38], [46, 62], [47, 63], [57, 68], [65, 71], [66, 82], [84, 92], [89, 97], [91, 98]]</args>; <output>[[25, 43], [46, 82], [84, 98]]</output>
<args>[[4, 21], [8, 18], [20, 28], [33, 48], [55, 64], [66, 83], [72, 77], [87, 98]]</args>; <output>[[4, 28], [33, 48], [55, 64], [66, 83], [87, 98]]</output>
<args>[[29, 31], [62, 80], [67, 70], [68, 84], [90, 104], [90, 102], [100, 112]]</args>; <output>[[29, 31], [62, 84], [90, 112]]</output>
<args>[[50, 61], [79, 89], [87, 103]]</args>; <output>[[50, 61], [79, 103]]</output>
<args>[[10, 13], [82, 97], [88, 105]]</args>; <output>[[10, 13], [82, 105]]</output>
<args>[[1, 20], [4, 16], [13, 24], [27, 35], [98, 107]]</args>; <output>[[1, 24], [27, 35], [98, 107]]</output>
<args>[[2, 15], [6, 21], [8, 22], [19, 22], [24, 39], [40, 57], [62, 65], [84, 100]]</args>; <output>[[2, 22], [24, 39], [40, 57], [62, 65], [84, 100]]</output>
<args>[[8, 23], [24, 43], [24, 31], [39, 56], [47, 56], [71, 91], [78, 86], [79, 88], [80, 100]]</args>; <output>[[8, 23], [24, 56], [71, 100]]</output>
<args>[[67, 84], [74, 81], [96, 101]]</args>; <output>[[67, 84], [96, 101]]</output>
<args>[[40, 56], [50, 64], [57, 76], [87, 96]]</args>; <output>[[40, 76], [87, 96]]</output>
<args>[[16, 25], [34, 36], [36, 56], [38, 58], [48, 65], [58, 69], [66, 73], [83, 91], [85, 95]]</args>; <output>[[16, 25], [34, 73], [83, 95]]</output>
<args>[[26, 43], [32, 51], [34, 54], [59, 73], [73, 75], [73, 76], [87, 90]]</args>; <output>[[26, 54], [59, 76], [87, 90]]</output>
<args>[[14, 15], [16, 27], [20, 35], [33, 53], [56, 65], [57, 58], [59, 61], [61, 76], [77, 97], [97, 99]]</args>; <output>[[14, 15], [16, 53], [56, 76], [77, 99]]</output>
<args>[[0, 12], [37, 57], [45, 50], [98, 102]]</args>; <output>[[0, 12], [37, 57], [98, 102]]</output>
<args>[[15, 17], [58, 71], [79, 95]]</args>; <output>[[15, 17], [58, 71], [79, 95]]</output>
<args>[[13, 17], [22, 42], [38, 45], [40, 52], [50, 55], [57, 65], [79, 87], [91, 94]]</args>; <output>[[13, 17], [22, 55], [57, 65], [79, 87], [91, 94]]</output>
<args>[[19, 38], [21, 41], [59, 70], [69, 71], [69, 77], [91, 99]]</args>; <output>[[19, 41], [59, 77], [91, 99]]</output>
<args>[[36, 42], [55, 58], [80, 93], [81, 98]]</args>; <output>[[36, 42], [55, 58], [80, 98]]</output>
